500
0 1 41
2 3 41
4 5 40
6 7 30
6 8 10
9 10 11
11 12 42
13 14 42
15 16 42
17 18 42
19 20 43
21 22 42
23 24 1
23 25 42
26 27 40
28 29 20
28 30 18
31 32 42
33 34 42
35 36 67
35 37 25
38 39 41
40 41 41
42 43 43
44 45 41
46 47 39
48 49 42
50 41 35
50 51 7
52 53 8
52 54 32
55 56 1
55 57 1
55 16 40
58 59 16
58 60 29
61 62 41
63 30 21
63 45 20
64 65 42
66 67 39
68 49 42
69 70 41
71 72 84
73 74 43
75 76 43
77 78 5
77 41 37
79 80 58
81 82 43
83 84 27
83 85 16
86 25 43
87 88 1
87 25 43
89 90 44
91 92 3
91 10 38
93 94 40
95 18 41
95 96 40
97 98 41
99 7 24
99 100 19
101 102 42
103 76 66
103 104 23
105 106 28
105 107 16
108 109 43
110 29 28
110 111 14
112 113 39
114 115 43
116 117 44
118 119 41
120 80 41
121 122 42
123 124 37
123 125 2
126 127 40
128 129 43
130 131 43
132 133 6
132 134 44
135 136 41
137 138 41
139 140 42
139 141 42
142 143 40
144 145 41
146 147 11
146 49 31
148 149 42
150 106 41
151 76 41
152 153 19
152 154 23
155 84 31
155 156 10
36 157 139
36 158 31
36 35 67
159 49 42
160 161 43
162 100 44
163 29 25
163 164 15
165 166 19
165 167 24
168 169 43
170 171 41
170 172 1
173 174 42
175 176 44
177 178 10
177 32 30
177 179 2
180 181 43
182 183 40
184 185 68
186 92 4
186 187 38
188 189 41
190 147 42
191 192 3
191 193 42
194 195 36
194 196 5
197 198 43
197 199 11
200 201 37
200 202 3
203 199 41
204 205 47
204 206 7
207 208 42
209 106 44
210 211 39
212 213 38
214 157 42
214 215 36
216 217 43
218 195 24
218 219 31
220 106 23
220 221 15
222 195 21
222 106 18
223 106 15
224 195 38
225 106 39
225 226 38
227 195 20
227 228 22
229 195 45
229 230 39
229 231 39
229 232 39
229 233 39
229 234 46
229 215 45
229 235 39
229 236 39
229 237 39
229 238 39
229 239 39
240 241 18
240 242 24
243 244 41
243 228 40
245 246 41
247 195 6
247 248 36
249 215 22
249 250 19
251 226 40
252 195 22
252 106 22
253 254 35
253 255 38
256 257 39
258 106 36
258 205 5
259 260 49
259 261 11
262 257 16
262 263 27
264 195 25
264 265 13
266 187 36
266 267 11
268 228 31
268 269 11
270 271 33
270 205 8
272 106 40
273 106 6
273 157 35
274 106 36
274 215 18
275 226 5
275 276 37
277 205 40
278 106 41
279 106 14
279 254 24
280 257 40
281 246 40
281 57 1
282 283 20
284 195 47
284 187 43
285 257 33
285 286 5
287 215 2
287 250 35
288 289 31
288 290 12
291 257 27
291 250 38
292 195 26
292 293 32
294 295 9
294 296 32
297 250 40
298 299 43
300 195 22
300 106 20
301 215 4
302 157 29
302 215 17
303 304 8
303 305 34
306 271 42
306 49 21
307 308 43
309 310 42
311 226 42
312 313 30
312 314 11
315 215 42
316 195 32
316 317 7
318 257 39
319 250 37
320 195 41
320 321 41
322 195 43
322 250 15
323 195 39
323 106 40
324 106 30
324 325 11
326 106 41
327 328 45
329 106 36
329 205 7
330 331 42
332 228 34
332 333 4
334 257 34
334 335 8
336 195 22
336 106 20
337 338 39
337 339 10
340 341 40
342 49 41
343 250 36
344 257 23
345 346 42
347 348 21
347 349 22
350 215 37
351 195 34
351 352 18
353 308 18
353 106 25
354 228 38
355 106 43
356 195 11
356 106 33
357 358 40
357 359 25
360 195 39
360 157 41
361 362 40
363 257 14
363 271 25
364 313 60
364 106 56
364 365 39
366 226 30
366 367 17
368 369 25
368 299 17
368 250 1
370 371 13
370 372 29
373 374 11
373 250 41
375 276 40
376 195 21
376 215 17
377 378 40
379 254 37
379 380 3
381 195 34
381 106 39
382 296 36
382 383 4
384 187 30
384 378 14
385 215 25
385 386 18
387 195 20
387 244 19
388 215 37
389 106 39
389 157 42
390 228 38
391 106 24
391 215 18
392 246 31
392 250 10
393 195 21
393 106 18
394 257 11
394 271 28
395 195 39
396 215 41
397 205 53
398 106 39
399 308 20
399 378 24
400 157 19
400 246 22
401 271 25
401 313 15
402 254 40
403 195 19
403 313 24
404 405 39
406 195 37
407 257 37
407 408 8
409 410 43
411 106 24
411 215 38
412 228 38
413 49 43
414 215 18
414 415 23
416 195 21
416 254 17
417 211 28
417 242 16
418 106 22
418 215 20
419 106 42
419 314 22
420 421 35
420 422 4
423 254 40
424 425 40
426 106 20
426 313 19
427 296 33
427 265 7
428 296 12
428 265 42
429 430 42
431 195 39
431 106 18
432 242 36
433 157 38
434 250 37
435 436 65
435 437 8
438 106 20
438 215 17
439 299 43
440 299 43
441 226 41
441 442 38
443 211 26
443 444 16
445 446 41
447 195 41
448 449 18
448 450 23
451 257 22
451 195 21
452 362 40
453 195 13
453 187 31
454 308 45
454 226 48
454 455 3
454 456 2
457 405 48
458 195 39
459 195 32
459 205 9
460 257 19
460 195 19
461 195 110
461 462 34
461 463 44
461 464 41
465 215 37
466 257 20
466 106 23
467 205 5
467 468 37
469 470 16
471 378 40
472 195 39
472 106 17
472 215 14
473 195 15
473 474 27
475 405 42
476 477 5
476 250 8
478 187 7
479 480 43
481 195 6
481 228 35
482 299 43
483 195 23
483 106 22
484 485 26
484 215 17
486 106 13
486 187 30
487 205 44
488 187 44
489 195 35
490 215 12
490 299 30
491 492 42
493 215 25
493 494 37
495 30 41
495 215 41
496 308 43
497 195 43
497 498 44
499 106 38
430 276 84
430 429 42
331 436 91
331 195 1
331 330 42
179 56 2
179 57 2
179 47 33
179 177 2
80 147 88
80 79 58
80 120 41
104 70 1
104 103 23
183 182 40
456 195 17
456 254 23
456 454 2
286 215 302
286 285 5
213 195 130
213 250 65
213 212 38
474 250 12
474 473 27
217 187 79
217 310 66
217 216 43
437 359 33
437 435 8
333 250 13
333 332 4
206 204 7
468 250 70
468 467 37
470 469 16
341 195 42
341 340 40
37 35 25
54 52 32
12 11 42
27 96 192
27 115 8
27 26 40
60 49 52
60 57 2
60 367 2
60 59 8
60 58 29
60 47 4
51 50 7
129 29 51
129 147 71
129 128 43
8 147 13
8 47 33
8 32 6
8 6 10
141 106 90
141 462 151
141 140 99
141 139 42
176 106 80
176 49 125
176 175 44
76 147 955
76 25 962
76 103 66
76 75 43
76 151 41
339 147 24
339 49 58
339 337 10
436 305 282
436 477 198
436 313 489
436 331 91
436 435 65
335 106 50
335 334 8
405 308 416
405 257 2478
405 475 42
405 457 48
405 404 39
242 313 82
242 367 84
242 271 23
242 187 195
242 49 805
242 157 565
242 215 277
242 57 66
242 32 2
242 260 1
242 417 16
242 432 36
242 240 24
325 187 141
325 49 301
325 324 11
317 257 43
317 226 52
317 313 43
317 215 41
317 316 7
365 106 34
365 205 5
365 364 39
410 195 254
410 409 43
498 195 89
498 106 79
498 497 44
239 215 82
239 229 39
238 215 119
238 229 39
236 215 127
236 229 39
237 215 84
237 229 39
235 215 85
235 229 39
276 195 525
276 106 572
276 215 647
276 430 84
276 375 40
276 275 37
202 199 187
202 200 3
250 47 2205
250 7 202
250 367 278
250 378 193
250 348 105
250 255 62
250 295 7
250 359 7
250 267 20
250 446 1
250 468 70
250 333 13
250 474 12
250 213 65
250 476 8
250 434 37
250 373 41
250 343 36
250 368 1
250 392 10
250 287 35
250 319 37
250 322 15
250 291 38
250 297 40
250 249 19
415 260 8
415 296 91
415 57 5
415 267 58
415 414 23
3 96 41
3 2 41
90 49 192
90 89 44
72 71 84
115 27 8
115 114 43
189 106 371
189 147 154
189 188 41
5 70 173
5 4 40
193 191 42
359 195 923
359 304 68
359 358 72
359 215 631
359 313 68
359 296 56
359 250 7
359 47 63
359 378 58
359 57 38
359 271 1
359 437 33
359 357 25
494 493 37
386 195 47
386 260 18
386 271 135
386 385 18
444 308 55
444 195 77
444 106 157
444 187 203
444 226 53
444 157 66
444 443 16
199 195 1243
199 202 187
199 203 41
199 197 11
346 254 71
346 345 42
310 187 48
310 7 5
310 57 4
310 47 2
310 367 74
310 217 66
310 309 42
248 308 243
248 195 199
248 106 199
248 187 537
248 226 121
248 157 199
248 247 36
372 308 48
372 195 70
372 106 14
372 370 29
352 308 100
352 257 81
352 351 18
442 441 38
32 16 65
32 308 485
32 106 611
32 157 730
32 147 24
32 367 123
32 47 479
32 260 2
32 187 242
32 7 115
32 88 102
32 56 76
32 49 15
32 57 83
32 10 1
32 242 2
32 8 6
32 177 30
32 31 42
117 116 44
34 147 76
34 33 42
96 147 474
96 49 2211
96 47 551
96 124 227
96 125 277
96 3 41
96 27 192
96 95 40
94 157 959
94 93 40
20 25 2465
20 156 15
20 19 43
16 56 103
16 32 65
16 47 69
16 49 106
16 57 3
16 55 40
16 15 42
14 13 42
158 113 11
158 36 31
113 158 11
113 112 39
181 85 156
181 180 43
53 52 8
178 147 40
178 49 77
178 56 2
178 57 2
178 177 10
196 106 147
196 187 40
196 194 5
480 308 92
480 157 119
480 479 43
269 268 11
450 195 746
450 49 690
450 448 23
455 257 42
455 254 27
455 314 32
455 454 3
328 187 103
328 49 63
328 327 45
219 106 75
219 215 39
219 218 31
321 195 57
321 215 47
321 320 41
446 195 64
446 215 33
446 445 41
446 250 1
314 308 234
314 257 98
314 195 614
314 106 455
314 49 724
314 157 363
314 215 62
314 455 32
314 419 22
314 312 11
299 308 430
299 195 728
299 106 938
299 187 2049
299 49 272
299 226 483
299 157 253
299 215 148
299 490 30
299 482 43
299 440 43
299 439 43
299 368 17
299 298 43
290 257 61
290 106 35
290 288 12
261 257 42
261 259 11
422 420 4
371 195 46
371 106 64
371 383 86
371 370 13
449 157 164
449 448 18
127 126 40
464 461 41
119 29 205
119 118 41
145 7 220
145 57 5
145 367 8
145 144 41
167 195 278
167 171 151
167 7 14
167 165 24
140 195 117
140 157 101
140 143 132
140 141 99
140 139 42
67 66 39
39 38 41
39 47 3
98 97 41
74 49 111
74 73 43
65 7 4
65 88 6
65 49 69
65 57 5
65 47 69
65 367 4
65 64 42
82 29 639
82 7 51
82 88 42
82 49 417
82 56 50
82 226 596
82 57 49
82 47 139
82 367 51
82 109 3
82 81 43
161 18 401
161 160 43
134 29 122
134 30 64
134 132 44
45 195 324
45 157 88
45 462 60
45 63 20
45 44 41
131 130 43
85 106 278
85 7 36
85 49 437
85 47 28
85 181 156
85 83 16
22 106 240
22 7 62
22 157 518
22 57 49
22 47 61
22 21 42
59 147 195
59 7 8
59 88 17
59 49 86
59 57 12
59 367 13
59 10 10
59 60 8
59 58 16
164 92 87
164 163 15
1 0 41
138 147 124
138 7 3
138 57 3
138 47 6
138 137 41
18 29 2381
18 157 1522
18 153 7
18 161 401
18 95 41
18 17 42
62 106 1190
62 61 41
25 308 2559
25 76 962
25 367 422
25 7 271
25 88 332
25 20 2465
25 49 3287
25 56 272
25 157 413
25 57 357
25 143 214
25 47 193
25 29 4
25 87 43
25 86 43
25 23 42
10 147 24
10 7 5
10 57 4
10 47 9
10 59 10
10 91 38
10 9 11
10 32 1
367 260 1830
367 211 6972
367 250 278
367 215 1899
367 187 1309
367 305 61
367 313 339
367 242 84
367 32 123
367 47 547
367 88 83
367 7 174
367 271 157
367 57 98
367 107 9
367 171 34
367 100 50
367 25 422
367 369 31
367 30 56
367 254 281
367 246 87
367 221 140
367 136 59
367 267 4
367 59 13
367 82 51
367 65 4
367 145 8
367 310 74
367 60 2
367 366 17
211 367 6972
211 195 3585
211 215 202
211 49 1133
211 257 955
211 296 332
211 226 942
211 313 293
211 304 401
211 271 101
211 88 284
211 378 274
211 157 2326
211 205 201
211 187 389
211 369 284
211 7 318
211 57 222
211 208 1261
211 260 2
211 421 1
211 147 2
211 443 26
211 417 28
211 210 39
201 226 742
201 157 78
201 200 37
293 308 44
293 257 70
293 195 44
293 292 32
241 195 73
241 106 73
241 246 112
241 215 43
241 240 18
228 304 215
228 106 2170
228 260 224
228 7 373
228 313 214
228 57 195
228 296 177
228 143 186
228 47 162
228 378 213
228 362 460
228 462 302
228 271 10
228 481 35
228 412 38
228 332 34
228 354 38
228 390 38
228 268 31
228 227 22
228 243 40
267 187 10
267 254 40
267 57 9
267 369 216
267 250 20
267 367 4
267 415 58
267 266 11
267 47 1
338 195 166
338 106 40
338 296 37
338 215 41
338 337 39
380 215 208
380 379 3
215 308 6673
215 211 202
215 265 695
215 378 1364
215 257 925
215 367 1899
215 187 5231
215 313 2452
215 49 5364
215 143 2766
215 195 8727
215 296 1119
215 106 7872
215 157 6059
215 57 1050
215 462 2250
215 226 2523
215 47 2057
215 147 693
215 295 31
215 271 82
215 421 9
215 30 437
215 359 631
215 107 880
215 299 148
215 242 277
215 254 146
215 380 208
215 230 262
215 232 288
215 233 299
215 231 170
215 246 75
215 234 421
215 338 41
215 241 43
215 314 62
215 446 33
215 321 47
215 219 39
215 276 647
215 236 127
215 239 82
215 237 84
215 235 85
215 238 119
215 317 41
215 286 302
215 490 12
215 493 25
215 495 41
215 484 17
215 465 37
215 472 14
215 418 20
215 438 17
215 414 18
215 350 37
215 388 37
215 376 17
215 411 38
215 391 18
215 396 41
215 385 25
215 302 17
215 287 2
215 274 18
215 315 42
215 301 4
215 214 36
215 249 22
215 229 45
369 271 4
369 296 27
369 187 40
369 47 390
369 211 284
369 7 42
369 367 31
369 49 89
369 57 20
369 313 35
369 378 30
369 267 216
369 368 25
125 96 277
125 123 2
154 88 3411
154 152 23
133 195 332
133 132 6
174 147 383
174 173 42
102 7 8
102 49 66
102 57 1
102 101 42
109 147 518
109 108 43
109 82 3
136 308 112
136 29 18
136 195 110
136 106 166
136 187 82
136 7 59
136 88 35
136 49 150
136 56 45
136 57 53
136 378 41
136 313 42
136 47 31
136 367 59
136 135 41
149 29 63
149 148 42
124 96 227
124 123 37
153 18 7
153 152 19
208 308 196
208 260 1
208 49 1407
208 57 15
208 211 1261
208 207 42
234 106 217
234 271 12
234 296 23
234 187 106
234 57 31
234 378 26
234 47 50
234 215 421
234 195 5
234 229 46
47 308 758
47 250 2205
47 157 2721
47 49 1996
47 257 1972
47 226 1270
47 195 5014
47 187 1563
47 215 2057
47 296 590
47 378 599
47 56 421
47 304 711
47 16 69
47 106 2596
47 313 705
47 147 873
47 32 479
47 367 547
47 92 196
47 143 830
47 84 473
47 205 429
47 462 581
47 228 162
47 271 139
47 57 248
47 7 317
47 421 4
47 107 121
47 359 63
47 171 69
47 369 390
47 30 47
47 254 211
47 246 58
47 100 36
47 305 28
47 283 7
47 25 193
47 221 29
47 156 2
47 234 50
47 136 31
47 10 9
47 138 6
47 85 28
47 22 61
47 82 139
47 65 69
47 96 551
47 310 2
47 8 33
47 179 33
47 46 39
47 39 3
47 267 1
47 60 4
462 308 1684
462 106 8875
462 257 2289
462 49 5653
462 195 10538
462 187 2590
462 215 2250
462 296 881
462 226 1471
462 348 17
462 143 1137
462 313 513
462 47 581
462 283 7
462 228 302
462 45 60
462 141 151
462 461 34
463 461 44
313 308 1695
313 106 5028
313 215 2452
313 49 2685
313 187 1680
313 195 2968
313 296 348
313 305 54
313 211 293
313 436 489
313 304 331
313 47 705
313 378 280
313 57 252
313 367 339
313 462 513
313 242 82
313 364 60
313 7 627
313 295 989
313 260 26
313 228 214
313 271 162
313 359 68
313 254 263
313 30 64
313 369 35
313 246 73
313 283 6
313 136 42
313 317 43
313 426 19
313 403 24
313 401 15
313 312 30
408 407 8
289 106 47
289 49 75
289 157 45
289 288 31
205 195 2457
205 211 201
205 106 2597
205 47 429
205 49 628
205 226 505
205 365 5
205 487 44
205 467 5
205 459 9
205 397 53
205 329 7
205 277 40
205 258 5
205 270 8
205 204 47
305 226 275
305 367 61
305 195 287
305 358 49
305 313 54
305 7 41
305 57 61
305 378 65
305 187 389
305 436 282
305 304 52
305 47 28
305 303 34
255 195 1
255 250 62
255 226 28
255 253 38
383 195 45
383 371 86
383 382 4
198 257 941
198 187 671
198 157 778
198 197 43
485 187 54
485 484 26
221 195 176
221 304 44
221 106 210
221 7 62
221 49 134
221 157 147
221 57 36
221 367 140
221 47 29
221 220 15
244 106 584
244 387 19
244 243 41
378 157 2008
378 106 2826
378 215 1364
378 49 2822
378 250 193
378 195 5919
378 187 1351
378 296 463
378 47 599
378 305 65
378 226 1250
378 211 274
378 313 280
378 304 155
378 295 71
378 260 149
378 7 257
378 228 213
378 271 160
378 57 159
378 359 58
378 369 30
378 254 233
378 246 85
378 283 5
378 234 26
378 136 41
378 471 40
378 377 40
378 399 24
378 384 14
122 29 94
122 7 8
122 157 95
122 121 42
185 184 68
143 308 2174
143 195 3608
143 157 3038
143 257 1140
143 49 2813
143 215 2766
143 296 891
143 358 1543
143 147 846
143 106 5943
143 462 1137
143 29 1665
143 226 2007
143 187 2193
143 47 830
143 56 560
143 7 526
143 228 186
143 111 2000
143 107 91
143 283 7
143 25 214
143 140 132
143 142 40
24 7 10
24 88 7
24 23 1
169 49 158
169 168 43
349 195 63
349 106 104
349 347 22
283 195 147
283 304 6
283 106 110
283 260 6
283 271 3
283 296 5
283 57 7
283 143 7
283 47 7
283 313 6
283 378 5
283 462 7
283 282 20
374 373 11
100 308 444
100 147 16
100 367 50
100 57 43
100 157 325
100 7 39
100 88 39
100 30 19
100 56 5
100 226 35
100 47 36
100 49 4
100 162 44
100 99 19
246 195 139
246 106 170
246 296 55
246 187 164
246 7 100
246 49 227
246 226 102
246 157 87
246 313 73
246 57 77
246 367 87
246 215 75
246 47 58
246 378 85
246 257 14
246 241 112
246 400 22
246 392 31
246 281 40
246 245 41
57 195 6423
57 49 1240
57 226 1265
57 106 3158
57 215 1050
57 296 178
57 187 999
57 305 61
57 348 10
57 313 252
57 304 99
57 92 105
57 295 64
57 260 26
57 7 145
57 84 19
57 228 195
57 271 137
57 421 63
57 367 98
57 88 81
57 47 248
57 378 159
57 56 57
57 107 55
57 359 38
57 171 83
57 100 43
57 254 258
57 30 45
57 369 20
57 246 77
57 283 7
57 221 36
57 234 31
57 208 15
57 136 53
57 102 1
57 267 9
57 211 222
57 10 4
57 25 357
57 138 3
57 22 49
57 59 12
57 82 49
57 65 5
57 145 5
57 178 2
57 16 3
57 32 83
57 310 4
57 415 5
57 242 66
57 60 2
57 179 2
57 281 1
57 55 1
254 195 910
254 304 277
254 106 847
254 296 197
254 57 258
254 313 263
254 187 376
254 7 345
254 49 1005
254 226 351
254 367 281
254 215 146
254 47 211
254 378 233
254 267 40
254 455 27
254 346 71
254 456 23
254 416 17
254 423 40
254 379 37
254 402 40
254 279 24
254 253 35
263 106 41
263 195 50
263 262 27
231 215 170
231 229 39
230 215 262
230 229 39
233 215 299
233 229 39
232 215 288
232 229 39
265 157 1603
265 215 695
265 195 1331
265 49 1881
265 257 5
265 427 7
265 428 42
265 264 13
362 228 460
362 452 40
362 361 40
358 106 14992
358 143 1543
358 305 49
358 425 116
358 359 72
358 357 40
157 308 6611
157 304 8691
157 378 2008
157 7 3200
157 265 1603
157 143 3038
157 47 2721
157 257 1717
157 226 2616
157 195 11377
157 106 7666
157 215 6059
157 187 3874
157 49 5880
157 296 1683
157 348 84
157 29 1676
157 32 730
157 211 2326
157 147 621
157 92 2780
157 271 299
157 84 209
157 171 730
157 107 157
157 100 325
157 198 778
157 18 1522
157 30 68
157 299 253
157 248 199
157 246 87
157 122 95
157 221 147
157 289 45
157 201 78
157 25 413
157 22 518
157 45 88
157 140 101
157 449 164
157 314 363
157 480 119
157 94 959
157 444 66
157 242 565
157 433 38
157 389 42
157 360 41
157 400 19
157 302 29
157 214 42
157 273 35
157 36 139
226 308 3013
226 106 6496
226 257 841
226 187 4416
226 7 1128
226 57 1265
226 157 2616
226 47 1270
226 49 3235
226 195 7942
226 215 2523
226 296 1237
226 305 275
226 462 1471
226 378 1250
226 211 942
226 30 142
226 147 848
226 143 2007
226 260 57
226 271 277
226 171 33
226 299 483
226 248 121
226 254 351
226 100 35
226 246 102
226 255 28
226 205 505
226 201 742
226 82 596
226 444 53
226 317 52
226 454 48
226 441 41
226 366 30
226 311 42
226 275 5
226 251 40
226 225 38
49 308 6186
49 56 13617
49 265 1881
49 462 5653
49 47 1996
49 211 1133
49 378 2822
49 57 1240
49 7 1233
49 257 3424
49 313 2685
49 187 5537
49 143 2813
49 215 5364
49 226 3235
49 195 9814
49 106 8442
49 157 5880
49 296 1859
49 147 1584
49 29 382
49 271 371
49 171 23
49 30 12
49 254 1005
49 246 227
49 169 158
49 221 134
49 205 628
49 289 75
49 208 1407
49 136 150
49 102 66
49 369 89
49 25 3287
49 85 437
49 59 86
49 82 417
49 65 69
49 74 111
49 314 724
49 299 272
49 328 63
49 450 690
49 178 77
49 16 106
49 96 2211
49 32 15
49 90 192
49 325 301
49 242 805
49 339 58
49 176 125
49 60 52
49 413 43
49 342 41
49 306 21
49 159 42
49 48 42
49 68 42
49 146 31
49 100 4
166 165 19
56 49 13617
56 16 103
56 47 421
56 147 881
56 29 877
56 143 560
56 7 95
56 57 57
56 107 51
56 30 37
56 100 5
56 136 45
56 25 272
56 82 50
56 178 2
56 32 76
56 179 2
56 55 1
156 7 2
156 20 15
156 155 10
156 47 2
41 7 23
41 77 37
41 50 35
41 40 41
30 257 17
30 226 142
30 29 65
30 195 307
30 147 11
30 106 23
30 271 30
30 215 437
30 296 57
30 187 162
30 7 31
30 313 64
30 57 45
30 367 56
30 47 47
30 56 37
30 49 12
30 157 68
30 100 19
30 134 64
30 495 41
30 63 21
30 28 18
43 42 43
7 106 9694
7 157 3200
7 250 202
7 49 1233
7 257 2125
7 226 1128
7 296 241
7 187 1157
7 305 41
7 29 827
7 147 495
7 92 187
7 313 627
7 78 36
7 143 526
7 260 51
7 88 150
7 367 174
7 378 257
7 57 145
7 56 95
7 84 15
7 228 373
7 271 246
7 47 317
7 107 53
7 171 22
7 369 42
7 30 31
7 156 2
7 41 23
7 254 345
7 100 39
7 246 100
7 24 10
7 122 8
7 221 62
7 136 59
7 102 8
7 211 318
7 10 5
7 25 271
7 138 3
7 85 36
7 22 62
7 59 8
7 82 51
7 65 4
7 167 14
7 145 220
7 32 115
7 310 5
7 99 24
7 6 30
88 154 3411
88 147 586
88 211 284
88 106 515
88 29 35
88 367 83
88 7 150
88 57 81
88 107 58
88 171 70
88 187 12
88 100 39
88 24 7
88 136 35
88 25 332
88 59 17
88 82 42
88 65 6
88 32 102
88 87 1
192 191 3
70 29 689
70 106 1615
70 5 173
70 104 1
70 69 41
111 143 2000
111 110 14
187 308 3971
187 257 3180
187 215 5231
187 226 4416
187 49 5537
187 195 13573
187 106 10726
187 367 1309
187 313 1680
187 462 2590
187 296 1757
187 47 1563
187 378 1351
187 157 3874
187 7 1157
187 57 999
187 147 2429
187 348 27
187 305 389
187 143 2193
187 196 40
187 260 44
187 271 296
187 30 162
187 254 376
187 246 164
187 198 671
187 485 54
187 234 106
187 136 82
187 369 40
187 267 10
187 211 389
187 88 12
187 299 2049
187 328 103
187 32 242
187 248 537
187 310 48
187 444 203
187 325 141
187 242 195
187 217 79
187 488 44
187 486 30
187 478 7
187 453 31
187 384 30
187 284 43
187 266 36
187 186 38
171 106 419
171 157 730
171 57 83
171 47 69
171 88 70
171 226 33
171 367 34
171 49 23
171 7 22
171 167 151
171 170 41
172 29 59
172 170 1
296 308 1169
296 257 1100
296 195 5737
296 187 1757
296 215 1119
296 157 1683
296 226 1237
296 49 1859
296 57 178
296 106 1401
296 313 348
296 462 881
296 143 891
296 7 241
296 304 265
296 211 332
296 47 590
296 378 463
296 295 67
296 228 177
296 271 112
296 359 56
296 30 57
296 254 197
296 246 55
296 283 5
296 234 23
296 369 27
296 338 37
296 415 91
296 427 33
296 428 12
296 382 36
296 294 32
107 215 880
107 157 157
107 57 55
107 143 91
107 88 58
107 56 51
107 7 53
107 47 121
107 367 9
107 105 16
271 308 220
271 348 2
271 211 101
271 195 597
271 49 371
271 304 179
271 147 65
271 106 262
271 157 299
271 260 13
271 7 246
271 313 162
271 367 157
271 296 112
271 57 137
271 47 139
271 378 160
271 226 277
271 187 296
271 215 82
271 30 30
271 283 3
271 234 12
271 369 4
271 386 135
271 242 23
271 257 2
271 394 28
271 363 25
271 401 25
271 306 42
271 270 33
271 228 10
271 359 1
421 57 63
421 215 9
421 420 35
421 47 4
421 211 1
84 47 473
84 157 209
84 57 19
84 7 15
84 155 31
84 83 27
295 308 433
295 257 513
295 313 989
295 57 64
295 296 67
295 378 71
295 250 7
295 215 31
295 294 9
260 367 1830
260 257 321
260 283 6
260 378 149
260 7 51
260 187 44
260 57 26
260 313 26
260 208 1
260 271 13
260 228 224
260 32 2
260 386 18
260 415 8
260 226 57
260 259 49
260 211 2
260 242 1
147 308 1580
147 195 1775
147 257 83
147 49 1584
147 304 1513
147 106 2850
147 56 881
147 143 846
147 187 2429
147 88 586
147 29 396
147 32 24
147 47 873
147 7 495
147 157 621
147 215 693
147 226 848
147 271 65
147 30 11
147 100 16
147 109 518
147 174 383
147 10 24
147 138 124
147 59 195
147 178 40
147 96 474
147 34 76
147 189 154
147 339 24
147 76 955
147 8 13
147 129 71
147 80 88
147 190 42
147 146 11
147 211 2
92 164 87
92 29 32
92 7 187
92 157 2780
92 47 196
92 57 105
92 186 4
92 91 3
78 7 36
78 77 5
106 7 9694
106 308 8152
106 358 14992
106 378 2826
106 313 5028
106 462 8875
106 304 5920
106 226 6496
106 257 3244
106 187 10726
106 195 19979
106 57 3158
106 49 8442
106 32 611
106 157 7666
106 215 7872
106 296 1401
106 147 2850
106 47 2596
106 143 5943
106 88 515
106 29 382
106 271 262
106 171 419
106 70 1615
106 30 23
106 254 847
106 263 41
106 246 170
106 283 110
106 349 104
106 244 584
106 221 210
106 205 2597
106 364 56
106 289 47
106 234 217
106 136 166
106 338 40
106 228 2170
106 241 73
106 62 1190
106 85 278
106 22 240
106 371 64
106 290 35
106 314 455
106 299 938
106 219 75
106 196 147
106 372 14
106 248 199
106 444 157
106 189 371
106 276 572
106 498 79
106 365 34
106 335 50
106 176 80
106 141 90
106 499 38
106 483 22
106 486 13
106 466 23
106 472 17
106 431 18
106 426 20
106 418 22
106 438 20
106 419 42
106 356 33
106 355 43
106 398 39
106 389 39
106 381 39
106 393 18
106 353 25
106 326 41
106 411 24
106 391 24
106 336 20
106 329 36
106 274 36
106 279 14
106 278 41
106 300 20
106 323 40
106 324 30
106 222 18
106 223 15
106 220 23
106 252 22
106 272 40
106 273 6
106 225 39
106 258 36
106 209 44
106 150 41
106 105 28
304 157 8691
304 106 5920
304 257 1586
304 296 265
304 47 711
304 147 1513
304 211 401
304 313 331
304 305 52
304 57 99
304 378 155
304 271 179
304 254 277
304 283 6
304 221 44
304 228 215
304 359 68
304 303 8
29 195 20616
29 136 18
29 147 396
29 49 382
29 106 382
29 7 827
29 143 1665
29 157 1676
29 56 877
29 30 65
29 172 59
29 88 35
29 70 689
29 122 94
29 149 63
29 18 2381
29 134 122
29 82 639
29 119 205
29 92 32
29 129 51
29 163 25
29 110 28
29 28 20
29 25 4
195 308 14830
195 57 6423
195 143 3608
195 211 3585
195 29 20616
195 265 1331
195 257 2882
195 296 5737
195 187 13573
195 462 10538
195 378 5919
195 106 19979
195 157 11377
195 49 9814
195 226 7942
195 215 8727
195 47 5014
195 147 1775
195 313 2968
195 305 287
195 271 597
195 30 307
195 254 910
195 246 139
195 349 63
195 283 147
195 221 176
195 383 45
195 255 1
195 205 2457
195 133 332
195 136 110
195 338 166
195 241 73
195 293 44
195 45 324
195 140 117
195 167 278
195 371 46
195 314 614
195 299 728
195 446 64
195 321 57
195 450 746
195 372 70
195 248 199
195 199 1243
195 444 77
195 386 47
195 359 923
195 276 525
195 498 89
195 410 254
195 341 42
195 213 130
195 456 17
195 489 35
195 483 23
195 481 6
195 497 43
195 472 39
195 458 39
195 460 19
195 461 110
195 447 41
195 451 21
195 473 15
195 459 32
195 453 13
195 431 39
195 416 21
195 406 37
195 403 19
195 360 39
195 387 20
195 356 11
195 395 39
195 393 21
195 376 21
195 381 34
195 336 22
195 351 34
195 284 47
195 322 43
195 292 26
195 323 39
195 316 32
195 320 41
195 300 22
195 222 21
195 247 6
195 224 38
195 229 45
195 227 20
195 264 25
195 218 24
195 252 22
195 194 36
195 263 50
195 234 5
195 331 1
425 358 116
425 424 40
477 436 198
477 476 5
348 257 62
348 57 10
348 462 17
348 271 2
348 187 27
348 250 105
348 157 84
348 347 21
257 308 2992
257 462 2289
257 304 1586
257 7 2125
257 187 3180
257 106 3244
257 195 2882
257 49 3424
257 296 1100
257 211 955
257 143 1140
257 47 1972
257 215 925
257 157 1717
257 226 841
257 348 62
257 260 321
257 295 513
257 147 83
257 30 17
257 265 5
257 198 941
257 293 70
257 290 61
257 261 42
257 314 98
257 455 42
257 352 81
257 317 43
257 405 2478
257 466 20
257 460 19
257 451 22
257 407 37
257 394 11
257 344 23
257 363 14
257 334 34
257 280 40
257 285 33
257 291 27
257 318 39
257 256 39
257 262 16
257 271 2
257 246 14
492 491 42
308 187 3971
308 313 1695
308 462 1684
308 157 6611
308 215 6673
308 143 2174
308 106 8152
308 49 6186
308 195 14830
308 296 1169
308 47 758
308 226 3013
308 32 485
308 257 2992
308 147 1580
308 295 433
308 271 220
308 100 444
308 208 196
308 136 112
308 293 44
308 25 2559
308 314 234
308 299 430
308 480 92
308 352 100
308 372 48
308 248 243
308 444 55
308 405 416
308 496 43
308 454 45
308 399 20
308 353 18
308 307 43
