1000
0 1 41
2 3 41
4 5 40
6 7 30
6 8 10
9 10 11
11 12 42
13 14 42
15 16 42
17 18 42
19 20 43
21 22 42
23 24 1
23 25 42
26 27 40
28 29 20
28 30 18
31 32 42
33 34 42
35 36 67
35 37 25
38 39 41
40 41 41
42 43 43
44 45 41
46 47 39
48 49 42
50 41 35
50 51 7
52 53 8
52 54 32
55 56 1
55 57 1
55 16 40
58 59 16
58 60 29
61 62 41
63 30 21
63 45 20
64 65 42
66 67 39
68 49 42
69 70 41
71 72 84
73 74 43
75 76 43
77 78 5
77 41 37
79 80 58
81 82 43
83 84 27
83 85 16
86 25 43
87 88 1
87 25 43
89 90 44
91 92 3
91 10 38
93 94 40
95 18 41
95 96 40
97 98 41
99 7 24
99 100 19
101 102 42
103 76 66
103 104 23
105 106 28
105 107 16
108 109 43
110 29 28
110 111 14
112 113 39
114 115 43
116 117 44
118 119 41
120 80 41
121 122 42
123 124 37
123 125 2
126 127 40
128 129 43
130 131 43
132 133 6
132 134 44
135 136 41
137 138 41
139 140 42
139 141 42
142 143 40
144 145 41
146 147 11
146 49 31
148 149 42
150 106 41
151 76 41
152 153 19
152 154 23
155 84 31
155 156 10
36 157 139
36 158 31
36 35 67
159 49 42
160 161 43
162 100 44
163 29 25
163 164 15
165 166 19
165 167 24
168 169 43
170 171 41
170 172 1
173 174 42
175 176 44
177 178 10
177 32 30
177 179 2
180 181 43
182 183 40
184 185 68
186 92 4
186 187 38
188 189 41
190 147 42
191 192 3
191 193 42
194 195 36
194 196 5
197 198 43
197 199 11
200 201 37
200 202 3
203 199 41
204 205 47
204 206 7
207 208 42
209 106 44
210 211 39
212 213 38
214 157 42
214 215 36
216 217 43
218 195 24
218 219 31
220 106 23
220 221 15
222 195 21
222 106 18
223 106 15
224 195 38
225 106 39
225 226 38
227 195 20
227 228 22
229 195 45
229 230 39
229 231 39
229 232 39
229 233 39
229 234 46
229 215 45
229 235 39
229 236 39
229 237 39
229 238 39
229 239 39
240 241 18
240 242 24
243 244 41
243 228 40
245 246 41
247 195 6
247 248 36
249 215 22
249 250 19
251 226 40
252 195 22
252 106 22
253 254 35
253 255 38
256 257 39
258 106 36
258 205 5
259 260 49
259 261 11
262 257 16
262 263 27
264 195 25
264 265 13
266 187 36
266 267 11
268 228 31
268 269 11
270 271 33
270 205 8
272 106 40
273 106 6
273 157 35
274 106 36
274 215 18
275 226 5
275 276 37
277 205 40
278 106 41
279 106 14
279 254 24
280 257 40
281 246 40
281 57 1
282 283 20
284 195 47
284 187 43
285 257 33
285 286 5
287 215 2
287 250 35
288 289 31
288 290 12
291 257 27
291 250 38
292 195 26
292 293 32
294 295 9
294 296 32
297 250 40
298 299 43
300 195 22
300 106 20
301 215 4
302 157 29
302 215 17
303 304 8
303 305 34
306 271 42
306 49 21
307 308 43
309 310 42
311 226 42
312 313 30
312 314 11
315 215 42
316 195 32
316 317 7
318 257 39
319 250 37
320 195 41
320 321 41
322 195 43
322 250 15
323 195 39
323 106 40
324 106 30
324 325 11
326 106 41
327 328 45
329 106 36
329 205 7
330 331 42
332 228 34
332 333 4
334 257 34
334 335 8
336 195 22
336 106 20
337 338 39
337 339 10
340 341 40
342 49 41
343 250 36
344 257 23
345 346 42
347 348 21
347 349 22
350 215 37
351 195 34
351 352 18
353 308 18
353 106 25
354 228 38
355 106 43
356 195 11
356 106 33
357 358 40
357 359 25
360 195 39
360 157 41
361 362 40
363 257 14
363 271 25
364 313 60
364 106 56
364 365 39
366 226 30
366 367 17
368 369 25
368 299 17
368 250 1
370 371 13
370 372 29
373 374 11
373 250 41
375 276 40
376 195 21
376 215 17
377 378 40
379 254 37
379 380 3
381 195 34
381 106 39
382 296 36
382 383 4
384 187 30
384 378 14
385 215 25
385 386 18
387 195 20
387 244 19
388 215 37
389 106 39
389 157 42
390 228 38
391 106 24
391 215 18
392 246 31
392 250 10
393 195 21
393 106 18
394 257 11
394 271 28
395 195 39
396 215 41
397 205 53
398 106 39
399 308 20
399 378 24
400 157 19
400 246 22
401 271 25
401 313 15
402 254 40
403 195 19
403 313 24
404 405 39
406 195 37
407 257 37
407 408 8
409 410 43
411 106 24
411 215 38
412 228 38
413 49 43
414 215 18
414 415 23
416 195 21
416 254 17
417 211 28
417 242 16
418 106 22
418 215 20
419 106 42
419 314 22
420 421 35
420 422 4
423 254 40
424 425 40
426 106 20
426 313 19
427 296 33
427 265 7
428 296 12
428 265 42
429 430 42
431 195 39
431 106 18
432 242 36
433 157 38
434 250 37
435 436 65
435 437 8
438 106 20
438 215 17
439 299 43
440 299 43
441 226 41
441 442 38
443 211 26
443 444 16
445 446 41
447 195 41
448 449 18
448 450 23
451 257 22
451 195 21
452 362 40
453 195 13
453 187 31
454 308 45
454 226 48
454 455 3
454 456 2
457 405 48
458 195 39
459 195 32
459 205 9
460 257 19
460 195 19
461 195 110
461 462 34
461 463 44
461 464 41
465 215 37
466 257 20
466 106 23
467 205 5
467 468 37
469 470 16
471 378 40
472 195 39
472 106 17
472 215 14
473 195 15
473 474 27
475 405 42
476 477 5
476 250 8
478 187 7
479 480 43
481 195 6
481 228 35
482 299 43
483 195 23
483 106 22
484 485 26
484 215 17
486 106 13
486 187 30
487 205 44
488 187 44
489 195 35
490 215 12
490 299 30
491 492 42
493 215 25
493 494 37
495 30 41
495 215 41
496 308 43
497 195 43
497 498 44
499 106 38
500 501 42
502 325 42
503 211 36
503 250 4
504 195 28
504 283 38
505 250 38
506 257 19
506 195 19
507 244 44
508 215 44
509 195 41
510 254 36
510 325 5
511 512 43
513 195 43
513 215 17
514 515 56
516 226 42
517 518 4
517 211 45
519 106 9
519 242 61
520 521 39
520 446 15
522 254 38
522 523 39
524 106 39
525 208 5
525 526 41
527 106 6
527 271 35
528 215 23
528 228 18
529 195 17
529 271 26
530 531 42
532 533 2
532 313 36
534 369 28
534 276 10
535 536 18
535 537 18
538 539 4
540 195 36
540 215 5
541 348 14
541 215 32
542 208 41
543 296 42
543 544 9
545 226 38
545 546 39
545 367 21
547 195 18
547 313 21
548 195 44
549 257 39
550 106 35
550 295 6
551 254 18
551 552 21
553 106 24
553 215 18
554 254 39
554 555 1
556 157 17
556 313 25
557 257 16
557 106 22
558 195 39
558 215 17
559 254 40
560 195 33
560 106 38
561 195 16
561 271 24
562 106 20
562 215 19
563 157 24
563 215 14
564 228 40
565 566 22
565 567 20
568 265 42
568 380 5
569 106 22
569 254 40
570 215 8
571 106 42
571 215 7
572 195 24
572 106 20
573 299 43
574 195 41
575 308 25
575 576 42
430 276 84
430 429 42
577 57 25
577 246 17
578 47 45
578 526 15
579 195 24
579 215 17
580 106 38
581 257 38
581 215 19
582 106 41
582 157 21
583 584 42
585 195 21
585 215 17
586 295 19
586 208 23
587 588 24
587 589 16
590 195 23
590 228 40
591 436 49
592 593 42
592 594 6
595 596 31
595 215 28
597 598 12
599 254 10
599 600 30
601 228 24
601 602 17
603 195 22
603 604 16
605 299 43
606 607 38
608 215 37
609 215 26
609 242 40
610 106 20
610 215 19
611 612 42
607 250 38
607 606 38
613 157 17
613 589 21
614 187 42
615 215 24
615 250 18
616 195 22
616 226 18
617 257 22
617 215 19
618 187 42
618 619 43
620 257 14
620 254 24
621 254 38
622 308 43
622 215 17
623 106 25
623 265 14
624 195 17
624 228 23
625 313 34
625 626 6
627 308 28
627 628 13
629 257 23
629 157 20
630 631 41
632 304 41
632 633 45
634 635 45
636 195 36
636 215 37
637 638 34
637 639 7
640 195 39
640 641 39
642 195 39
643 195 41
644 195 15
645 254 40
646 647 78
646 648 37
649 157 40
649 215 17
650 651 18
650 593 25
652 208 40
653 295 19
653 215 21
654 250 49
654 655 11
656 657 38
658 308 18
658 106 24
659 257 22
659 195 20
660 157 42
660 293 21
661 187 42
662 265 30
662 254 11
663 215 45
663 647 57
664 295 41
665 666 14
665 667 7
668 195 21
668 106 28
668 215 19
669 215 42
670 257 39
671 195 34
671 672 7
673 195 42
673 215 18
674 675 10
674 676 5
674 49 34
674 677 39
678 195 21
678 313 25
679 106 53
679 215 38
679 680 42
681 226 44
682 683 72
682 684 18
685 254 36
685 313 4
686 593 32
686 687 11
688 689 45
688 436 41
690 195 36
690 226 7
691 692 43
693 106 36
693 205 5
694 593 42
695 308 19
695 228 22
696 195 21
696 106 21
697 299 27
697 698 16
699 195 32
699 657 7
700 195 36
700 215 38
701 308 14
701 254 26
702 703 45
704 187 27
704 228 18
705 265 34
705 706 8
707 195 38
707 215 17
708 195 20
708 106 19
709 257 31
709 205 8
710 257 44
711 257 18
711 226 24
712 195 22
712 106 20
713 195 21
713 106 18
714 374 41
715 716 41
717 304 3
717 593 39
718 106 23
718 215 18
719 106 25
719 720 28
721 195 21
721 215 7
721 250 33
722 215 17
722 723 23
724 195 36
724 215 42
725 308 19
725 195 41
726 727 42
728 195 28
728 729 11
730 195 28
730 205 11
731 299 43
732 299 43
733 257 31
733 205 8
734 299 43
735 736 32
735 737 10
604 738 59
604 603 16
739 106 39
739 215 19
740 195 25
740 157 16
741 308 17
741 254 41
742 195 26
742 295 14
743 195 12
743 744 30
745 195 22
745 106 20
746 215 38
746 747 5
748 576 42
749 533 39
750 296 2
750 208 42
751 195 20
751 752 17
753 106 17
753 254 24
754 195 39
755 552 40
756 757 43
758 106 18
759 106 19
759 250 18
760 106 39
760 254 40
761 308 32
761 106 32
762 195 6
762 763 34
764 195 34
764 106 41
764 633 45
765 106 39
765 588 38
766 215 41
767 254 30
767 698 43
768 308 37
768 769 37
770 195 1
770 106 38
771 250 40
772 257 41
772 276 7
773 195 42
773 215 17
774 195 25
774 362 15
775 195 23
775 378 17
776 215 18
776 228 24
777 157 26
777 215 17
778 195 38
778 106 6
779 228 42
780 299 43
781 782 36
781 783 5
784 205 16
784 785 29
786 195 43
786 215 18
787 593 41
787 359 30
788 215 28
788 789 9
790 215 21
790 242 21
791 195 29
791 325 14
792 308 43
792 793 20
794 795 20
794 796 19
797 308 22
797 271 36
797 226 23
798 187 32
798 799 9
800 195 41
801 187 29
801 157 13
802 195 23
802 215 18
803 215 37
641 374 3
641 299 40
641 640 39
804 805 81
804 806 41
807 808 1
807 468 61
809 195 17
809 254 24
810 313 41
811 308 44
811 638 10
812 157 22
812 254 39
813 293 19
813 250 19
814 257 19
814 313 42
815 271 36
815 215 23
816 195 43
816 205 45
817 818 42
819 254 22
819 228 19
820 228 40
821 822 35
821 215 39
823 106 39
824 295 42
824 405 46
825 271 11
825 205 31
826 106 22
826 215 18
827 195 39
827 828 10
829 295 28
829 830 14
831 832 32
831 833 6
834 835 35
834 836 6
837 226 186
837 198 187
837 838 29
837 839 44
837 840 41
837 841 44
837 842 9
837 843 25
837 844 42
837 845 36
837 846 3
837 847 12
837 848 41
837 849 4
850 226 41
850 215 39
851 852 42
851 853 42
854 855 28
854 856 18
857 858 42
857 199 26
859 198 41
859 860 11
861 862 32
861 853 11
863 211 422
863 864 381
865 864 41
866 867 42
868 869 43
870 871 41
872 873 41
874 875 41
876 198 42
876 867 33
876 877 42
878 877 40
879 855 41
880 198 40
880 881 43
882 883 43
884 308 35
884 215 28
885 195 36
885 106 7
886 887 22
886 888 20
889 308 29
889 271 12
890 195 39
891 195 20
891 106 19
892 106 41
892 208 39
893 106 16
893 254 24
894 195 22
894 215 16
895 215 18
895 896 42
895 897 42
898 308 18
898 195 23
899 635 45
900 257 20
900 215 17
901 106 21
901 215 18
902 195 8
902 157 42
902 57 33
903 49 8
903 226 41
904 195 15
904 187 29
905 106 21
905 215 18
906 378 26
906 205 14
907 221 38
908 106 23
908 215 19
909 910 35
909 911 7
912 215 19
912 737 19
913 195 10
913 914 32
915 916 39
917 918 61
917 250 111
917 919 47
917 920 16
917 921 66
922 308 43
923 195 38
923 215 5
924 195 41
925 228 26
925 926 16
927 157 30
927 928 8
929 494 13
929 930 26
931 512 42
932 257 23
932 215 19
933 215 41
934 49 2
934 299 42
934 250 38
935 215 5
936 187 42
936 937 42
938 205 4
938 299 39
939 195 17
939 727 25
940 215 8
940 515 34
941 106 22
941 157 20
942 106 16
942 226 23
943 195 41
944 195 41
945 106 43
946 265 46
947 106 39
948 106 18
948 255 37
949 242 45
950 367 40
950 832 59
951 308 9
951 106 43
952 257 29
952 953 9
954 106 25
954 215 17
955 359 40
956 106 32
956 241 9
957 271 44
958 195 22
958 215 16
959 195 21
959 106 39
960 961 35
960 962 4
963 195 26
964 965 73
966 187 33
966 215 9
967 195 29
967 157 41
968 195 23
968 969 15
970 462 47
970 331 11
971 276 84
971 972 42
973 195 34
973 235 5
974 157 37
974 231 45
626 975 6
626 625 6
976 308 43
977 308 42
978 195 42
978 106 20
979 195 16
979 254 22
980 187 28
980 228 40
981 257 1
981 250 37
982 195 21
982 106 20
983 254 51
983 211 18
983 984 26
985 271 32
985 205 9
986 308 35
986 195 8
987 187 42
988 195 25
988 157 17
989 187 21
989 49 21
989 215 3
990 195 32
990 991 8
992 993 42
994 195 39
995 195 39
996 997 12
996 698 33
998 215 28
998 999 41
972 971 42
921 195 1
921 917 66
536 254 64
536 535 18
331 436 91
331 970 11
331 195 1
331 330 42
920 308 27
920 106 3
920 917 16
953 975 58
953 952 9
179 56 2
179 57 2
179 47 33
179 177 2
80 147 88
80 79 58
80 120 41
104 70 1
104 103 23
183 182 40
993 106 122
993 992 42
456 195 17
456 254 23
456 454 2
833 57 4
833 593 10
833 683 5
833 47 2
833 369 41
833 367 1
833 310 2
833 831 6
526 271 49
526 208 7
526 738 91
526 544 14
526 578 15
526 525 41
716 715 41
286 215 302
286 285 5
213 195 130
213 250 65
213 212 38
873 226 80
873 872 41
667 305 42
667 665 7
474 250 12
474 473 27
975 304 50
975 187 84
975 49 748
975 683 58
975 313 51
975 215 239
975 211 42
975 442 214
975 494 452
975 953 58
975 626 6
849 201 38
849 837 4
217 187 79
217 310 66
217 216 43
919 257 123
919 917 47
937 215 46
937 936 42
437 359 33
437 435 8
333 250 13
333 332 4
848 881 62
848 837 41
537 106 42
537 535 18
206 204 7
655 195 20
655 265 14
655 654 11
468 250 70
468 512 108
468 807 61
468 467 37
470 518 10
470 469 16
598 187 233
598 263 54
598 597 12
847 837 12
341 195 42
341 544 87
341 340 40
789 106 53
789 788 9
808 250 45
808 807 1
37 35 25
54 52 32
12 11 42
27 96 192
27 115 8
27 26 40
60 49 52
60 57 2
60 367 2
60 59 8
60 58 29
60 47 4
51 50 7
129 29 51
129 147 71
129 128 43
8 147 13
8 47 33
8 32 6
8 6 10
141 106 90
141 462 151
141 140 99
141 139 42
176 106 80
176 49 125
176 175 44
76 147 955
76 25 962
76 103 66
76 75 43
76 151 41
836 834 6
339 147 24
339 49 58
339 337 10
436 305 282
436 477 198
436 633 270
436 313 489
436 331 91
436 688 41
436 591 49
436 435 65
657 195 84
657 106 125
657 699 7
657 656 38
928 106 116
928 927 8
335 106 50
335 334 8
888 195 84
888 106 102
888 886 20
877 106 416
877 876 42
877 878 40
799 308 295
799 250 153
799 798 9
796 215 49
796 276 62
796 794 19
846 198 41
846 837 3
405 308 416
405 257 2478
405 782 320
405 824 46
405 475 42
405 457 48
405 404 39
860 215 929
860 875 229
860 881 244
860 859 11
962 257 47
962 106 46
962 960 4
600 49 210
600 378 39
600 599 30
602 49 35
602 215 95
602 601 17
845 837 36
242 313 82
242 367 84
242 271 23
242 187 195
242 49 805
242 157 565
242 215 277
242 57 66
242 805 46
242 32 2
242 997 5
242 260 1
242 949 45
242 790 21
242 609 40
242 519 61
242 417 16
242 432 36
242 240 24
738 308 74
738 195 25
738 106 142
738 187 292
738 49 32
738 226 164
738 157 100
738 215 21
738 526 91
738 744 188
738 604 59
325 187 141
325 49 301
325 791 14
325 502 42
325 510 5
325 324 11
317 257 43
317 226 52
317 313 43
317 215 41
317 316 7
867 195 395
867 864 82
867 876 33
867 866 42
365 106 34
365 205 5
365 364 39
853 106 504
853 226 329
853 143 399
853 869 41
853 852 201
853 861 11
853 851 42
897 57 27
897 895 42
410 195 254
410 409 43
498 195 89
498 106 79
498 497 44
239 215 82
239 229 39
238 215 119
238 229 39
236 215 127
236 229 39
237 215 84
237 229 39
235 215 85
235 973 5
235 229 39
684 308 25
684 106 16
684 682 18
589 195 128
589 613 21
589 587 16
512 308 184
512 187 136
512 226 389
512 208 154
512 468 108
512 931 42
512 511 43
276 195 525
276 106 572
276 215 647
276 639 92
276 796 62
276 971 84
276 772 7
276 430 84
276 534 10
276 375 40
276 275 37
202 199 187
202 200 3
844 837 42
852 853 201
852 851 42
793 157 42
793 792 20
250 832 1891
250 47 2205
250 7 202
250 683 300
250 593 328
250 367 278
250 378 193
250 757 84
250 348 105
250 255 62
250 295 7
250 359 7
250 799 153
250 619 37
250 267 20
250 918 92
250 830 26
250 446 1
250 808 45
250 468 70
250 333 13
250 474 12
250 213 65
250 981 37
250 917 111
250 934 38
250 813 19
250 771 40
250 721 33
250 759 18
250 615 18
250 654 49
250 505 38
250 503 4
250 476 8
250 434 37
250 373 41
250 343 36
250 368 1
250 392 10
250 287 35
250 319 37
250 322 15
250 291 38
250 297 40
250 249 19
250 607 38
930 195 45
930 49 31
930 211 48
930 929 26
415 260 8
415 296 91
415 57 5
415 267 58
415 683 8
415 414 23
869 862 22
869 875 101
869 853 41
869 868 43
3 96 41
3 2 41
90 49 192
90 89 44
72 71 84
115 27 8
115 114 43
189 106 371
189 147 154
189 188 41
5 70 173
5 4 40
193 191 42
594 666 32
594 304 6
594 592 6
359 195 923
359 304 68
359 358 72
359 683 77
359 215 631
359 593 76
359 313 68
359 296 56
359 250 7
359 47 63
359 378 58
359 57 38
359 271 1
359 437 33
359 955 40
359 787 30
359 357 25
635 195 132
635 187 278
635 226 179
635 899 45
635 634 45
494 975 452
494 929 13
494 493 37
830 195 48
830 157 7
830 215 28
830 250 26
830 829 14
832 367 1981
832 250 1891
832 950 59
832 831 32
843 195 247
843 187 129
843 864 21
843 450 41
843 837 25
687 208 115
687 686 11
386 195 47
386 260 18
386 271 135
386 385 18
737 257 110
737 49 113
737 157 9
737 211 303
737 912 19
737 735 10
647 257 22
647 106 182
647 195 82
647 727 154
647 663 57
647 646 78
727 308 164
727 195 266
727 106 215
727 187 513
727 49 224
727 226 422
727 157 173
727 215 67
727 647 154
727 939 25
727 726 42
567 308 40
567 195 96
567 106 62
567 187 80
567 226 143
567 157 33
567 215 16
567 565 20
515 308 76
515 257 42
515 195 130
515 106 86
515 187 145
515 49 183
515 226 168
515 157 24
515 215 20
515 940 34
515 514 56
444 308 55
444 195 77
444 106 157
444 187 203
444 226 53
444 157 66
444 443 16
706 49 78
706 705 8
199 195 1243
199 202 187
199 857 26
199 203 41
199 197 11
680 106 41
680 215 32
680 679 42
744 215 29
744 738 188
744 743 30
648 257 22
648 646 37
747 257 76
747 746 5
346 254 71
346 345 42
310 187 48
310 7 5
310 57 4
310 47 2
310 593 10
310 367 74
310 683 5
310 217 66
310 833 2
310 309 42
864 49 298
864 462 83
864 855 42
864 858 48
864 856 41
864 863 381
864 843 21
864 867 82
864 865 41
248 308 243
248 195 199
248 106 199
248 187 537
248 226 121
248 157 199
248 720 71
248 247 36
698 308 92
698 195 134
698 106 308
698 187 441
698 157 44
698 996 33
698 767 43
698 697 16
372 308 48
372 195 70
372 106 14
372 370 29
544 257 228
544 477 161
544 226 274
544 304 32
544 367 24
544 7 30
544 57 28
544 358 23
544 683 24
544 47 24
544 378 21
544 313 25
544 271 14
544 195 29
544 208 26
544 526 14
544 341 87
544 543 9
984 211 130
984 983 26
352 308 100
352 257 81
352 351 18
720 49 47
720 248 71
720 719 28
531 187 84
531 530 42
612 106 74
612 215 92
612 611 42
523 257 72
523 226 21
523 215 5
523 522 39
842 881 32
842 837 9
763 49 74
763 226 208
763 762 34
442 975 214
442 441 38
875 862 361
875 860 229
875 198 19
875 869 101
875 874 41
32 16 65
32 308 485
32 106 611
32 157 730
32 147 24
32 367 123
32 683 177
32 47 479
32 260 2
32 187 242
32 7 115
32 88 102
32 56 76
32 49 15
32 57 83
32 10 1
32 242 2
32 8 6
32 177 30
32 31 42
117 116 44
34 147 76
34 33 42
96 147 474
96 49 2211
96 47 551
96 124 227
96 125 277
96 3 41
96 27 192
96 95 40
94 157 959
94 93 40
20 25 2465
20 156 15
20 19 43
16 56 103
16 32 65
16 47 69
16 49 106
16 57 3
16 55 40
16 15 42
14 13 42
158 113 11
158 36 31
113 158 11
113 112 39
181 85 156
181 180 43
53 52 8
835 195 356
835 834 35
178 147 40
178 49 77
178 56 2
178 57 2
178 177 10
896 308 252
896 195 163
896 106 230
896 215 43
896 187 475
896 157 45
896 895 42
196 106 147
196 187 40
196 194 5
918 49 274
918 250 92
918 917 61
828 106 29
828 215 23
828 827 10
631 226 199
631 57 6
631 47 8
631 593 8
631 211 4
631 683 6
631 630 41
689 358 32
689 205 58
689 688 45
480 308 92
480 157 119
480 479 43
677 308 4
677 674 39
785 187 105
785 378 52
785 566 28
785 784 29
269 268 11
450 195 746
450 49 690
450 448 23
450 843 41
455 257 42
455 254 27
455 314 32
455 454 3
328 187 103
328 49 63
328 327 45
881 226 215
881 860 244
881 842 32
881 848 62
881 880 43
683 187 10528
683 47 7314
683 250 300
683 305 54
683 544 24
683 593 134
683 32 177
683 260 31
683 7 183
683 228 228
683 271 152
683 421 3
683 576 14
683 359 77
683 100 53
683 211 279
683 369 26
683 25 352
683 367 54
683 254 269
683 57 76
683 246 94
683 833 5
683 283 6
683 378 116
683 221 36
683 975 58
683 208 18
683 136 59
683 267 11
683 723 24
683 631 6
683 310 5
683 415 8
683 49 3
683 682 72
219 106 75
219 215 39
219 218 31
841 837 44
321 195 57
321 215 47
321 320 41
840 837 41
856 215 937
856 864 41
856 854 18
965 308 46
965 964 73
839 837 44
446 195 64
446 215 33
446 520 15
446 445 41
446 250 1
703 308 260
703 195 161
703 106 144
703 187 201
703 49 302
703 226 93
703 157 56
703 702 45
314 308 234
314 257 98
314 195 614
314 106 455
314 49 724
314 157 363
314 215 62
314 455 32
314 419 22
314 312 11
926 308 310
926 195 351
926 106 263
926 187 247
926 226 162
926 157 278
926 215 50
926 925 16
299 308 430
299 195 728
299 106 938
299 187 2049
299 49 272
299 226 483
299 157 253
299 215 148
299 934 42
299 938 39
299 780 43
299 641 40
299 731 43
299 697 27
299 732 43
299 734 43
299 573 43
299 605 43
299 490 30
299 482 43
299 440 43
299 439 43
299 368 17
299 298 43
639 276 92
639 637 7
290 257 61
290 106 35
290 288 12
261 257 42
261 259 11
783 257 12
783 781 5
675 674 10
422 420 4
371 195 46
371 106 64
371 383 86
371 370 13
449 157 164
449 448 18
127 126 40
464 461 41
119 29 205
119 118 41
145 7 220
145 57 5
145 367 8
145 144 41
167 195 278
167 171 151
167 7 14
167 165 24
140 195 117
140 157 101
140 143 132
140 141 99
140 139 42
67 66 39
39 38 41
39 47 3
98 97 41
74 49 111
74 73 43
65 7 4
65 88 6
65 49 69
65 57 5
65 47 69
65 367 4
65 64 42
82 29 639
82 7 51
82 88 42
82 49 417
82 56 50
82 226 596
82 57 49
82 47 139
82 367 51
82 109 3
82 81 43
161 18 401
161 160 43
134 29 122
134 30 64
134 132 44
752 254 93
752 751 17
45 195 324
45 157 88
45 462 60
45 63 20
45 44 41
131 130 43
85 106 278
85 7 36
85 49 437
85 47 28
85 181 156
85 83 16
22 106 240
22 7 62
22 157 518
22 57 49
22 47 61
22 21 42
59 147 195
59 7 8
59 88 17
59 49 86
59 57 12
59 367 13
59 10 10
59 60 8
59 58 16
164 92 87
164 163 15
1 0 41
138 147 124
138 7 3
138 57 3
138 47 6
138 137 41
18 29 2381
18 157 1522
18 153 7
18 161 401
18 95 41
18 17 42
62 106 1190
62 61 41
25 308 2559
25 76 962
25 367 422
25 7 271
25 88 332
25 20 2465
25 683 352
25 593 701
25 49 3287
25 56 272
25 157 413
25 57 357
25 143 214
25 47 193
25 29 4
25 87 43
25 86 43
25 23 42
10 147 24
10 7 5
10 57 4
10 47 9
10 59 10
10 91 38
10 9 11
10 32 1
818 195 44
818 260 47
818 817 42
999 308 66
999 257 49
999 998 41
782 405 320
782 781 36
806 805 62
806 804 41
367 832 1981
367 260 1830
367 211 6972
367 250 278
367 215 1899
367 187 1309
367 305 61
367 544 24
367 593 337
367 313 339
367 242 84
367 32 123
367 47 547
367 88 83
367 7 174
367 271 157
367 57 98
367 576 14
367 107 9
367 171 34
367 100 50
367 25 422
367 369 31
367 30 56
367 546 48
367 683 54
367 254 281
367 246 87
367 221 140
367 136 59
367 267 4
367 59 13
367 82 51
367 65 4
367 145 8
367 310 74
367 60 2
367 833 1
367 950 40
367 545 21
367 366 17
871 143 436
871 870 41
858 143 829
858 198 279
858 864 48
858 857 42
211 367 6972
211 195 3585
211 215 202
211 49 1133
211 257 955
211 296 332
211 226 942
211 313 293
211 304 401
211 271 101
211 88 284
211 378 274
211 651 36
211 633 77
211 157 2326
211 205 201
211 683 279
211 187 389
211 369 284
211 7 318
211 795 7
211 546 89
211 628 1148
211 57 222
211 208 1261
211 975 42
211 260 2
211 421 1
211 631 4
211 984 130
211 147 2
211 737 303
211 930 48
211 983 18
211 863 422
211 517 45
211 503 36
211 443 26
211 417 28
211 210 39
201 226 742
201 157 78
201 849 38
201 200 37
293 308 44
293 257 70
293 195 44
293 813 19
293 660 21
293 292 32
241 195 73
241 106 73
241 246 112
241 215 43
241 956 9
241 240 18
883 308 573
883 106 333
883 226 173
883 215 88
883 882 43
887 195 190
887 106 188
887 886 22
692 106 84
692 691 43
723 308 239
723 195 208
723 57 21
723 313 346
723 593 24
723 683 24
723 722 23
911 195 1171
911 49 1054
911 106 450
911 909 7
555 518 42
555 554 1
228 304 215
228 106 2170
228 260 224
228 7 373
228 313 214
228 593 475
228 57 195
228 683 228
228 296 177
228 143 186
228 47 162
228 378 213
228 539 39
228 362 460
228 588 1095
228 462 302
228 969 651
228 271 10
228 501 155
228 980 40
228 925 26
228 776 24
228 779 42
228 819 19
228 820 40
228 704 18
228 695 22
228 624 23
228 590 40
228 601 24
228 481 35
228 564 40
228 528 18
228 412 38
228 332 34
228 354 38
228 390 38
228 268 31
228 227 22
228 243 40
267 187 10
267 254 40
267 57 9
267 369 216
267 250 20
267 367 4
267 683 11
267 415 58
267 266 11
267 47 1
838 837 29
338 195 166
338 106 40
338 296 37
338 215 41
338 337 39
380 215 208
380 568 5
380 379 3
215 308 6673
215 211 202
215 265 695
215 378 1364
215 257 925
215 367 1899
215 187 5231
215 313 2452
215 49 5364
215 143 2766
215 195 8727
215 296 1119
215 106 7872
215 157 6059
215 57 1050
215 462 2250
215 226 2523
215 47 2057
215 633 88
215 147 693
215 295 31
215 271 82
215 539 53
215 421 9
215 30 437
215 359 631
215 107 880
215 896 43
215 299 148
215 961 29
215 521 67
215 729 68
215 242 277
215 254 146
215 380 208
215 230 262
215 232 288
215 233 299
215 231 170
215 246 75
215 914 246
215 860 929
215 975 239
215 584 33
215 234 421
215 991 40
215 501 53
215 566 44
215 338 41
215 241 43
215 883 88
215 314 62
215 926 50
215 446 33
215 856 937
215 321 47
215 219 39
215 828 23
215 523 5
215 612 92
215 744 29
215 680 32
215 567 16
215 515 20
215 727 67
215 830 28
215 276 647
215 236 127
215 239 82
215 237 84
215 235 85
215 238 119
215 317 41
215 738 21
215 602 95
215 796 49
215 937 46
215 286 302
215 989 3
215 998 28
215 912 19
215 966 9
215 940 8
215 900 17
215 884 28
215 958 16
215 901 18
215 954 17
215 905 18
215 894 16
215 923 5
215 895 18
215 908 19
215 935 5
215 932 19
215 933 41
215 803 37
215 826 18
215 788 28
215 815 23
215 776 18
215 773 17
215 786 18
215 821 39
215 850 39
215 777 17
215 802 18
215 790 21
215 766 41
215 700 38
215 718 18
215 721 7
215 707 17
215 679 38
215 746 38
215 739 19
215 722 17
215 724 42
215 663 45
215 617 19
215 636 37
215 595 28
215 615 24
215 585 17
215 581 19
215 610 19
215 608 37
215 669 42
215 653 21
215 668 19
215 649 17
215 609 26
215 622 17
215 673 18
215 579 17
215 541 32
215 490 12
215 563 14
215 570 8
215 562 19
215 558 17
215 493 25
215 513 17
215 528 23
215 508 44
215 495 41
215 540 5
215 553 18
215 571 7
215 484 17
215 465 37
215 472 14
215 418 20
215 438 17
215 414 18
215 350 37
215 388 37
215 376 17
215 411 38
215 391 18
215 396 41
215 385 25
215 302 17
215 287 2
215 274 18
215 315 42
215 301 4
215 214 36
215 249 22
215 229 45
566 308 232
566 195 150
566 106 241
566 187 421
566 226 99
566 157 57
566 215 44
566 785 28
566 565 22
619 106 97
619 250 37
619 618 43
369 271 4
369 296 27
369 187 40
369 47 390
369 211 284
369 683 26
369 593 49
369 7 42
369 367 31
369 49 89
369 57 20
369 313 35
369 378 30
369 267 216
369 833 41
369 534 28
369 368 25
501 308 92
501 257 424
501 313 58
501 215 53
501 228 155
501 500 42
125 96 277
125 123 2
154 88 3411
154 152 23
133 195 332
133 132 6
174 147 383
174 173 42
102 7 8
102 49 66
102 57 1
102 101 42
109 147 518
109 108 43
109 82 3
136 308 112
136 29 18
136 195 110
136 106 166
136 187 82
136 7 59
136 88 35
136 49 150
136 56 45
136 57 53
136 378 41
136 313 42
136 47 31
136 593 47
136 367 59
136 683 59
136 135 41
149 29 63
149 148 42
124 96 227
124 123 37
153 18 7
153 152 19
593 187 11436
593 157 5984
593 250 328
593 358 3072
593 305 39
593 348 13
593 313 375
593 367 337
593 683 134
593 7 473
593 57 235
593 378 296
593 304 27
593 228 475
593 271 157
593 421 5
593 359 76
593 100 112
593 254 552
593 369 49
593 25 701
593 795 12
593 246 197
593 833 10
593 283 8
593 136 47
593 723 24
593 631 8
593 310 10
593 787 41
593 717 39
593 694 42
593 686 32
593 592 42
593 650 25
208 308 196
208 260 1
208 49 1407
208 57 15
208 211 1261
208 544 26
208 683 18
208 687 115
208 512 154
208 526 7
208 892 39
208 750 42
208 652 40
208 586 23
208 525 5
208 542 41
208 207 42
666 477 61
666 594 32
666 665 14
855 195 1302
855 157 491
855 864 42
855 879 41
855 854 28
234 106 217
234 271 12
234 296 23
234 187 106
234 57 31
234 378 26
234 47 50
234 215 421
234 195 5
234 229 46
47 683 7314
47 308 758
47 250 2205
47 157 2721
47 49 1996
47 257 1972
47 226 1270
47 195 5014
47 187 1563
47 215 2057
47 296 590
47 378 599
47 56 421
47 304 711
47 16 69
47 106 2596
47 651 110
47 544 24
47 313 705
47 633 156
47 147 873
47 32 479
47 367 547
47 92 196
47 143 830
47 84 473
47 205 429
47 462 581
47 228 162
47 271 139
47 576 13
47 57 248
47 7 317
47 421 4
47 107 121
47 359 63
47 171 69
47 369 390
47 30 47
47 795 5
47 546 3
47 254 211
47 246 58
47 100 36
47 914 62
47 305 28
47 283 7
47 25 193
47 221 29
47 757 4
47 156 2
47 234 50
47 136 31
47 10 9
47 138 6
47 85 28
47 22 61
47 82 139
47 65 69
47 631 8
47 96 551
47 310 2
47 8 33
47 833 2
47 179 33
47 578 45
47 46 39
47 39 3
47 267 1
47 60 4
462 308 1684
462 106 8875
462 257 2289
462 49 5653
462 195 10538
462 187 2590
462 215 2250
462 296 881
462 651 867
462 226 1471
462 348 17
462 143 1137
462 313 513
462 47 581
462 633 103
462 283 7
462 228 302
462 45 60
462 864 83
462 141 151
462 970 47
462 461 34
910 187 84
910 205 78
910 909 35
991 195 39
991 106 34
991 157 2
991 215 40
991 990 8
463 461 44
313 308 1695
313 106 5028
313 215 2452
313 49 2685
313 187 1680
313 195 2968
313 296 348
313 305 54
313 211 293
313 651 81
313 436 489
313 593 375
313 304 331
313 47 705
313 378 280
313 57 252
313 544 25
313 633 159
313 367 339
313 462 513
313 242 82
313 364 60
313 7 627
313 295 989
313 260 26
313 228 214
313 271 162
313 576 14
313 359 68
313 254 263
313 30 64
313 369 35
313 246 73
313 283 6
313 533 266
313 975 51
313 136 42
313 501 58
313 723 346
313 317 43
313 814 42
313 810 41
313 678 25
313 685 4
313 625 34
313 547 21
313 532 36
313 556 25
313 426 19
313 403 24
313 401 15
313 312 30
408 407 8
736 735 32
289 106 47
289 49 75
289 157 45
289 288 31
672 308 175
672 257 312
672 671 7
205 195 2457
205 211 201
205 106 2597
205 47 429
205 49 628
205 226 505
205 910 78
205 689 58
205 365 5
205 985 9
205 906 14
205 938 4
205 816 45
205 825 31
205 784 16
205 733 8
205 709 8
205 730 11
205 693 5
205 487 44
205 467 5
205 459 9
205 397 53
205 329 7
205 277 40
205 258 5
205 270 8
205 204 47
584 195 30
584 106 48
584 215 33
584 583 42
305 226 275
305 367 61
305 195 287
305 358 49
305 683 54
305 593 39
305 313 54
305 7 41
305 57 61
305 378 65
305 187 389
305 436 282
305 304 52
305 47 28
305 667 42
305 303 34
255 195 1
255 250 62
255 226 28
255 948 37
255 253 38
997 226 221
997 49 207
997 157 106
997 996 12
997 242 5
383 195 45
383 371 86
383 382 4
916 257 43
916 915 39
533 257 5
533 106 245
533 313 266
533 749 39
533 532 2
198 257 941
198 187 671
198 157 778
198 858 279
198 875 19
198 846 41
198 876 42
198 880 40
198 859 41
198 837 187
198 197 43
485 187 54
485 484 26
221 195 176
221 304 44
221 106 210
221 7 62
221 49 134
221 157 147
221 57 36
221 367 140
221 683 36
221 47 29
221 907 38
221 220 15
521 308 88
521 106 127
521 215 67
521 520 39
628 211 1148
628 374 136
628 627 13
518 106 151
518 555 42
518 470 10
518 517 4
588 228 1095
588 106 5
588 765 38
588 587 24
244 106 584
244 507 44
244 387 19
244 243 41
969 228 651
969 106 1
969 968 15
378 157 2008
378 106 2826
378 215 1364
378 49 2822
378 250 193
378 195 5919
378 187 1351
378 296 463
378 47 599
378 305 65
378 226 1250
378 211 274
378 544 21
378 313 280
378 593 296
378 304 155
378 295 71
378 260 149
378 7 257
378 228 213
378 271 160
378 576 14
378 57 159
378 359 58
378 369 30
378 254 233
378 246 85
378 283 5
378 683 116
378 234 26
378 136 41
378 785 52
378 600 39
378 906 26
378 775 17
378 471 40
378 377 40
378 399 24
378 384 14
122 29 94
122 7 8
122 157 95
122 121 42
185 184 68
143 308 2174
143 195 3608
143 157 3038
143 257 1140
143 49 2813
143 215 2766
143 296 891
143 358 1543
143 147 846
143 106 5943
143 462 1137
143 633 209
143 29 1665
143 226 2007
143 187 2193
143 47 830
143 56 560
143 7 526
143 228 186
143 111 2000
143 107 91
143 283 7
143 871 436
143 858 829
143 25 214
143 140 132
143 853 399
143 142 40
24 7 10
24 88 7
24 23 1
169 49 158
169 168 43
349 195 63
349 106 104
349 347 22
596 195 44
596 106 141
596 595 31
283 195 147
283 304 6
283 106 110
283 260 6
283 271 3
283 296 5
283 57 7
283 683 6
283 143 7
283 47 7
283 593 8
283 313 6
283 378 5
283 462 7
283 504 38
283 282 20
914 195 210
914 106 363
914 57 42
914 215 246
914 47 62
914 913 32
552 755 40
552 551 21
374 628 136
374 641 3
374 714 41
374 373 11
100 308 444
100 147 16
100 367 50
100 593 112
100 57 43
100 683 53
100 157 325
100 7 39
100 88 39
100 30 19
100 56 5
100 226 35
100 47 36
100 49 4
100 162 44
100 99 19
805 106 80
805 242 46
805 804 81
805 806 62
246 195 139
246 106 170
246 296 55
246 187 164
246 7 100
246 49 227
246 226 102
246 157 87
246 313 73
246 57 77
246 593 197
246 367 87
246 683 94
246 215 75
246 47 58
246 378 85
246 257 14
246 241 112
246 577 17
246 400 22
246 392 31
246 281 40
246 245 41
57 195 6423
57 49 1240
57 226 1265
57 106 3158
57 215 1050
57 296 178
57 187 999
57 651 74
57 305 61
57 348 10
57 544 28
57 633 159
57 313 252
57 593 235
57 304 99
57 92 105
57 295 64
57 260 26
57 7 145
57 84 19
57 228 195
57 271 137
57 421 63
57 367 98
57 88 81
57 576 14
57 47 248
57 378 159
57 56 57
57 107 55
57 359 38
57 171 83
57 100 43
57 254 258
57 30 45
57 369 20
57 795 6
57 546 3
57 683 76
57 246 77
57 914 42
57 283 7
57 221 36
57 234 31
57 208 15
57 136 53
57 102 1
57 267 9
57 723 21
57 211 222
57 10 4
57 25 357
57 138 3
57 22 49
57 59 12
57 82 49
57 65 5
57 145 5
57 631 6
57 178 2
57 16 3
57 32 83
57 310 4
57 415 5
57 897 27
57 242 66
57 60 2
57 833 4
57 179 2
57 902 33
57 577 25
57 281 1
57 55 1
676 257 44
676 49 35
676 674 5
638 106 92
638 811 10
638 637 34
254 195 910
254 304 277
254 106 847
254 296 197
254 57 258
254 313 263
254 593 552
254 187 376
254 7 345
254 49 1005
254 226 351
254 367 281
254 683 269
254 215 146
254 47 211
254 378 233
254 267 40
254 752 93
254 455 27
254 346 71
254 456 23
254 536 64
254 979 22
254 983 51
254 893 24
254 767 30
254 819 22
254 812 39
254 809 24
254 685 36
254 741 41
254 701 26
254 753 24
254 760 40
254 620 24
254 621 38
254 645 40
254 662 11
254 599 10
254 551 18
254 522 38
254 569 40
254 559 40
254 510 36
254 554 39
254 416 17
254 423 40
254 379 37
254 402 40
254 279 24
254 253 35
263 106 41
263 195 50
263 598 54
263 262 27
231 215 170
231 974 45
231 229 39
230 215 262
230 229 39
233 215 299
233 229 39
232 215 288
232 229 39
862 195 2607
862 106 208
862 49 27
862 875 361
862 869 22
862 861 32
265 157 1603
265 215 695
265 195 1331
265 49 1881
265 257 5
265 576 10
265 655 14
265 946 46
265 705 34
265 623 14
265 662 30
265 568 42
265 427 7
265 428 42
265 264 13
729 195 82
729 106 113
729 215 68
729 728 11
362 228 460
362 774 15
362 452 40
362 361 40
795 195 87
795 226 124
795 47 5
795 57 6
795 211 7
795 593 12
795 794 20
546 271 3
546 211 89
546 367 48
546 57 3
546 47 3
546 545 39
358 106 14992
358 593 3072
358 143 1543
358 305 49
358 544 23
358 425 116
358 359 72
358 689 32
358 357 40
961 49 103
961 215 29
961 960 35
157 308 6611
157 304 8691
157 378 2008
157 593 5984
157 7 3200
157 265 1603
157 143 3038
157 47 2721
157 257 1717
157 226 2616
157 195 11377
157 106 7666
157 215 6059
157 187 3874
157 49 5880
157 296 1683
157 855 491
157 348 84
157 651 333
157 633 294
157 29 1676
157 32 730
157 211 2326
157 147 621
157 92 2780
157 271 299
157 84 209
157 171 730
157 107 157
157 100 325
157 198 778
157 18 1522
157 30 68
157 299 253
157 248 199
157 246 87
157 122 95
157 221 147
157 997 106
157 289 45
157 991 2
157 566 57
157 201 78
157 25 413
157 22 518
157 45 88
157 140 101
157 449 164
157 314 363
157 703 56
157 926 278
157 480 119
157 896 45
157 94 959
157 698 44
157 567 33
157 515 24
157 727 173
157 444 66
157 737 9
157 830 7
157 793 42
157 242 565
157 738 100
157 988 17
157 974 37
157 902 42
157 967 41
157 927 30
157 941 20
157 777 26
157 801 13
157 812 22
157 740 16
157 649 40
157 613 17
157 629 20
157 660 42
157 582 21
157 563 24
157 556 17
157 433 38
157 389 42
157 360 41
157 400 19
157 302 29
157 214 42
157 273 35
157 36 139
226 308 3013
226 106 6496
226 257 841
226 187 4416
226 7 1128
226 57 1265
226 157 2616
226 47 1270
226 49 3235
226 195 7942
226 215 2523
226 296 1237
226 305 275
226 462 1471
226 378 1250
226 997 221
226 211 942
226 651 133
226 544 274
226 633 252
226 30 142
226 523 21
226 147 848
226 143 2007
226 260 57
226 271 277
226 171 33
226 299 483
226 248 121
226 795 124
226 254 351
226 100 35
226 246 102
226 255 28
226 205 505
226 566 99
226 883 173
226 201 742
226 82 596
226 703 93
226 926 162
226 881 215
226 631 199
226 763 208
226 567 143
226 515 168
226 727 422
226 444 53
226 635 179
226 512 389
226 853 329
226 317 52
226 738 164
226 873 80
226 903 41
226 942 23
226 850 41
226 797 23
226 837 186
226 690 7
226 711 24
226 681 44
226 616 18
226 545 38
226 516 42
226 454 48
226 441 41
226 366 30
226 311 42
226 275 5
226 251 40
226 225 38
49 308 6186
49 56 13617
49 265 1881
49 462 5653
49 47 1996
49 211 1133
49 378 2822
49 57 1240
49 911 1054
49 7 1233
49 257 3424
49 313 2685
49 187 5537
49 143 2813
49 215 5364
49 226 3235
49 195 9814
49 106 8442
49 157 5880
49 296 1859
49 147 1584
49 997 207
49 633 410
49 29 382
49 271 371
49 576 43
49 171 23
49 30 12
49 961 103
49 862 27
49 254 1005
49 676 35
49 246 227
49 169 158
49 221 134
49 205 628
49 289 75
49 208 1407
49 136 150
49 102 66
49 369 89
49 25 3287
49 85 437
49 59 86
49 82 417
49 65 69
49 74 111
49 314 724
49 703 302
49 299 272
49 328 63
49 450 690
49 918 274
49 178 77
49 16 106
49 96 2211
49 32 15
49 763 74
49 720 47
49 864 298
49 706 78
49 515 183
49 727 224
49 737 113
49 90 192
49 930 31
49 325 301
49 242 805
49 738 32
49 602 35
49 600 210
49 339 58
49 176 125
49 60 52
49 975 748
49 989 21
49 903 8
49 934 2
49 413 43
49 342 41
49 306 21
49 159 42
49 48 42
49 68 42
49 146 31
49 100 4
49 683 3
49 674 34
166 165 19
56 49 13617
56 16 103
56 47 421
56 147 881
56 633 113
56 29 877
56 143 560
56 7 95
56 57 57
56 107 51
56 30 37
56 100 5
56 136 45
56 25 272
56 82 50
56 178 2
56 32 76
56 179 2
56 55 1
156 7 2
156 20 15
156 155 10
156 47 2
633 308 790
633 257 33
633 436 270
633 56 113
633 57 159
633 106 529
633 143 209
633 7 139
633 157 294
633 49 410
633 226 252
633 187 483
633 313 159
633 296 108
633 47 156
633 215 88
633 211 77
633 462 103
633 764 45
633 632 45
41 7 23
41 77 37
41 50 35
41 40 41
30 257 17
30 226 142
30 29 65
30 195 307
30 147 11
30 106 23
30 271 30
30 215 437
30 296 57
30 187 162
30 7 31
30 313 64
30 57 45
30 367 56
30 47 47
30 56 37
30 49 12
30 157 68
30 100 19
30 134 64
30 495 41
30 63 21
30 28 18
43 42 43
7 106 9694
7 157 3200
7 250 202
7 49 1233
7 257 2125
7 226 1128
7 296 241
7 187 1157
7 305 41
7 544 30
7 633 139
7 593 473
7 29 827
7 147 495
7 92 187
7 313 627
7 78 36
7 143 526
7 260 51
7 88 150
7 683 183
7 367 174
7 378 257
7 57 145
7 56 95
7 84 15
7 228 373
7 271 246
7 576 19
7 47 317
7 107 53
7 171 22
7 369 42
7 30 31
7 156 2
7 41 23
7 254 345
7 100 39
7 246 100
7 24 10
7 122 8
7 221 62
7 136 59
7 102 8
7 211 318
7 10 5
7 25 271
7 138 3
7 85 36
7 22 62
7 59 8
7 82 51
7 65 4
7 167 14
7 145 220
7 32 115
7 310 5
7 99 24
7 6 30
88 154 3411
88 147 586
88 211 284
88 106 515
88 29 35
88 367 83
88 7 150
88 57 81
88 107 58
88 171 70
88 187 12
88 100 39
88 24 7
88 136 35
88 25 332
88 59 17
88 82 42
88 65 6
88 32 102
88 87 1
192 191 3
70 29 689
70 106 1615
70 5 173
70 104 1
70 69 41
111 143 2000
111 110 14
187 308 3971
187 683 10528
187 593 11436
187 257 3180
187 215 5231
187 226 4416
187 49 5537
187 195 13573
187 106 10726
187 367 1309
187 313 1680
187 462 2590
187 296 1757
187 47 1563
187 378 1351
187 157 3874
187 757 248
187 7 1157
187 57 999
187 147 2429
187 348 27
187 305 389
187 633 483
187 143 2193
187 196 40
187 260 44
187 271 296
187 576 171
187 30 162
187 254 376
187 246 164
187 198 671
187 485 54
187 234 106
187 910 84
187 136 82
187 369 40
187 566 421
187 267 10
187 211 389
187 88 12
187 703 201
187 926 247
187 299 2049
187 328 103
187 785 105
187 896 475
187 32 242
187 531 84
187 698 441
187 248 537
187 310 48
187 567 80
187 515 145
187 727 513
187 444 203
187 843 129
187 635 278
187 512 136
187 325 141
187 738 292
187 242 195
187 598 233
187 217 79
187 975 84
187 989 21
187 980 28
187 987 42
187 966 33
187 904 29
187 801 29
187 798 32
187 704 27
187 614 42
187 661 42
187 618 42
187 488 44
187 486 30
187 478 7
187 453 31
187 384 30
187 284 43
187 266 36
187 186 38
187 936 42
171 106 419
171 157 730
171 57 83
171 47 69
171 88 70
171 226 33
171 367 34
171 49 23
171 7 22
171 167 151
171 170 41
172 29 59
172 170 1
296 308 1169
296 257 1100
296 195 5737
296 187 1757
296 215 1119
296 157 1683
296 226 1237
296 49 1859
296 57 178
296 106 1401
296 313 348
296 462 881
296 143 891
296 7 241
296 304 265
296 211 332
296 47 590
296 378 463
296 651 68
296 633 108
296 295 67
296 228 177
296 271 112
296 576 13
296 359 56
296 30 57
296 254 197
296 246 55
296 283 5
296 234 23
296 369 27
